$ go run -race ./cmd/spider/ -env=test
GOMAXPROCS: 8

...
LOGGING...
...

Total Procesed: `100`


ℹ️ Raw Stats → TotalSeen: 100, UniqueEnqueued: 100, DBInserted: 83, DBInsertAttempts: 83, FailedInserts: 0, HTMLPages: 90, EmptyPages: 7, SkippedDuplicates: 14, HTTPErrors: 7
ℹ️
------------------BEGIN CRAWLING TIMING STATS PRINTING:
Pages crawled per minute:
0.016667 3
0.033333 4
0.050000 7
0.066667 10
0.083334 11
0.100000 11
0.116667 12
0.133333 15
0.150000 16
0.166667 18
0.183334 19
0.200000 20
0.216667 21
0.233333 22
0.250000 22
0.266667 25
0.283334 25
0.300000 26
0.316667 27
0.333333 27
0.350000 28
0.366667 29
0.383333 30
0.400000 32
0.416667 33
0.433333 35
0.450000 36
0.466667 38
0.483333 40
0.500000 41
0.516667 42
0.533333 44
0.550000 45
0.566667 46
0.583333 48
0.600000 49
0.616667 51
0.633333 53
0.650000 55
0.666667 62
0.683333 67
0.700000 70
0.716667 71
0.733333 71
0.750000 73
0.766667 74
0.783333 76
0.800000 79
0.816667 83

Crawl to Queued Ratio per minute:
0.016667 0.093750
0.033333 0.102564
0.050000 0.074468
0.066667 0.109890
0.083334 0.123596
0.100000 0.123596
0.116667 0.136364
0.133333 0.176471
0.150000 0.190476
0.166667 0.219512
0.183334 0.234568
0.200000 0.253165
0.216667 0.269231
0.233333 0.285714
0.250000 0.285714
0.266667 0.337838
0.283334 0.342466
0.300000 0.361111
0.316667 0.380282
0.333333 0.385714
0.350000 0.405797
0.366667 0.426471
0.383333 0.447761
0.400000 0.492308
0.416667 0.515625
0.433333 0.564516
0.450000 0.590164
0.466667 0.644068
0.483333 0.701754
0.500000 0.732143
0.516667 0.777778
0.533333 0.846154
0.550000 0.882353
0.566667 0.920000
0.583333 1.021277
0.600000 1.065217
0.616667 1.186047
0.633333 1.292683
0.650000 1.486486
0.666667 2.066667
0.683333 3.045455
0.700000 3.888889
0.716667 4.437500
0.733333 4.437500
0.750000 5.214286
0.766667 5.692308
0.783333 6.909091
0.800000 13.166667
0.816667 83.000000

ℹ️
------------------END CRAWLING TIMING STATS PRINTING.
ℹ️
------------------BEGIN CRAWLING GENERAL STATS PRINTING:
URL Uniqueness Ratio: 1.00
Insertion Success Rate: 0.83
Insert Failure Rate: 0.00
HTML Page Ratio: 0.90
Empty Page Rate: 0.08
Duplicate Skip Rate: 0.14
Error Rate (HTTP): 0.07
Storage Yield: 0.83
ℹ️
------------------END CRAWLING GENERAL STATS PRINTING.


Program Finished. It took: 49.956040938s